143
917
472
850
527
217
659
299
839
222
620
200
451
970
668
306
455
792
28
540
765
399
31
473
26
231
233
599
874
47
629
746
476
355
490
536
204
971
420
436
98
590
744
340
248
433
696
726
87
870
410
798
427
727
14
22
974
685
97
319
795
499
110
214
418
10
797
784
682
846
868
657
789
829
404
119
547
218
130
57
428
947
216
952
456
176
207
914
621
466
665
943
17
825
27
762
976
960
498
96
496
249
519
327
698
514
543
647
374
346
587
677
264
568
115
967
735
106
673
308
351
389
401
452
259
879
379
764
242
127
206
210
600
491
591
966
733
122
295
962
67
786
344
700
557
470
123
268
998
575
888
136
706
262
446
929
678
9
650
305
114
662
551
177
911
771
644
467
6
5
32
220
646
616
654
885
153
954
549
258
501
164
808
538
602
290
282
387
151
903
112
632
252
20
99
314
163
754
224
390
801
544
483
555
474
614
877
604
830
861
468
605
674
741
539
65
18
848
919
717
350
720
556
959
92
240
193
281
510
11
648
302
385
426
309
661
49
93
705
738
212
76
74
335
922
388
563
641
683
626